73 26 58 1
74 26 52 1
74 27 54 1
72 27 53 1
71 30 57 1
71 28 52 1
71 26 57 1
73 26 52 1
72 27 53 1
75 29 53 1
71 26 52 1
75 30 57 1
73 27 54 1
71 28 58 1
74 27 56 1
72 26 57 1
74 26 56 1
74 28 57 1
71 29 56 1
72 30 52 1
74 29 56 1
75 27 60 1
73 26 53 1
73 26 60 1
74 30 52 1
75 26 55 1
74 28 58 1
75 29 57 1
71 27 57 1
73 30 60 1
74 29 57 1
74 26 58 1
73 30 55 1
75 30 59 1
72 27 55 1
75 26 59 1
72 30 60 1
74 29 58 1
75 27 60 1
75 27 51 1
73 30 55 1
73 30 52 1
74 28 53 1
73 26 59 1
73 26 51 1
72 30 57 1
73 28 54 1
75 28 58 1
75 30 58 1
72 26 58 1
72 27 52 1
72 29 59 1
74 27 55 1
73 29 57 1
72 30 58 1
71 29 55 1
74 27 55 1
72 29 57 1
73 30 53 1
74 28 53 1
71 26 57 1
71 26 54 1
72 28 54 1
75 28 54 1
72 30 52 1
74 30 53 1
75 28 57 1
71 29 57 1
75 29 52 1
71 30 53 1
74 27 52 1
73 30 53 1
75 27 51 1
73 30 58 1
73 30 57 1
73 29 51 1
73 30 59 1
73 27 58 1
75 26 58 1
72 29 57 1
72 27 54 1
71 27 58 1
71 27 53 1
72 27 57 1
71 30 58 1
73 29 57 1
74 30 60 1
74 30 53 1
72 27 55 1
73 27 60 1
74 30 56 1
73 27 55 1
71 30 59 1
73 26 56 1
75 28 58 1
75 26 51 1
74 30 58 1
72 30 54 1
71 27 51 1
71 27 56 1
11 21 43 0
38 30 26 0
21 29 18 0
19 12 56 0
35 54 11 0
21 58 47 0
48 39 39 0
58 31 8 0
47 50 15 0
13 18 1 0
24 38 53 0
38 49 5 0
54 38 50 0
47 24 18 0
59 54 25 0
16 43 40 0
21 44 30 0
21 12 44 0
19 38 38 0
38 15 20 0
11 13 27 0
55 30 6 0
46 1 32 0
22 55 31 0
47 27 6 0
10 33 37 0
51 29 38 0
37 31 33 0
19 20 6 0
35 26 24 0
15 34 39 0
52 12 24 0
9 25 40 0
38 8 23 0
14 43 6 0
6 6 21 0
8 2 57 0
46 17 18 0
38 13 48 0
8 49 30 0
17 7 43 0
42 24 8 0
18 38 9 0
43 38 26 0
40 0 25 0
38 17 58 0
23 22 32 0
12 54 1 0
50 23 10 0
26 2 8 0
55 3 43 0
36 59 33 0
33 17 51 0
40 4 9 0
23 47 56 0
57 55 22 0
58 18 21 0
3 41 31 0
47 37 26 0
28 12 3 0
4 27 4 0
16 32 57 0
10 45 20 0
44 52 6 0
25 12 29 0
5 37 16 0
13 43 34 0
35 44 26 0
50 29 0 0
35 30 42 0
50 12 51 0
8 46 23 0
31 44 10 0
26 30 17 0
45 40 56 0
28 35 30 0
44 30 5 0
6 14 50 0
33 26 24 0
24 13 13 0
0 8 6 0
29 1 49 0
59 58 30 0
17 20 47 0
13 11 11 0
44 47 56 0
29 12 1 0
0 8 0 0
3 48 40 0
59 15 17 0
44 47 43 0
35 59 8 0
9 31 46 0
55 6 18 0
35 0 2 0
51 45 4 0
18 26 29 0
16 45 45 0
40 11 51 0
48 26 20 0
